id,nombre,horasTrabajadas,sueldo
1,,þd,7866448,1978312875
2,,þd,7866448,1978312875
3,,þd,7866448,1978312875
4,,þd,7866448,1978312875
5,,þd,7866448,1978312875
6,,þd,7866448,1978312875
7,,þd,7866448,1978312875
8,,þd,7866448,1978312875
9,,þd,7866448,1978312875
10,,þd,7866448,1978312875
11,,þd,7866448,1978312875
12,,þd,7866448,1978312875
13,,þd,7866448,1978312875
14,,þd,7866448,1978312875
15,,þd,7866448,1978312875
16,,þd,7866448,1978312875
17,,þd,7866448,1978312875
18,,þd,7866448,1978312875
19,,þd,7866448,1978312875
20,,þd,7866448,1978312875
21,,þd,7866448,1978312875
22,,þd,7866448,1978312875
23,,þd,7866448,1978312875
24,,þd,7866448,1978312875
25,,þd,7866448,1978312875
26,,þd,7866448,1978312875
27,,þd,7866448,1978312875
28,,þd,7866448,1978312875
29,,þd,7866448,1978312875
30,,þd,7866448,1978312875
31,,þd,7866448,1978312875
32,,þd,7866448,1978312875
33,,þd,7866448,1978312875
34,,þd,7866448,1978312875
35,,þd,7866448,1978312875
36,,þd,7866448,1978312875
37,,þd,7866448,1978312875
38,,þd,7866448,1978312875
39,,þd,7866448,1978312875
40,,þd,7866448,1978312875
41,,þd,7866448,1978312875
42,,þd,7866448,1978312875
43,,þd,7866448,1978312875
44,,þd,7866448,1978312875
45,,þd,7866448,1978312875
46,,þd,7866448,1978312875
47,,þd,7866448,1978312875
48,,þd,7866448,1978312875
49,,þd,7866448,1978312875
50,,þd,7866448,1978312875
51,,þd,7866448,1978312875
52,,þd,7866448,1978312875
53,,þd,7866448,1978312875
54,,þd,7866448,1978312875
55,,þd,7866448,1978312875
56,,þd,7866448,1978312875
57,,þd,7866448,1978312875
58,,þd,7866448,1978312875
59,,þd,7866448,1978312875
60,,þd,7866448,1978312875
61,,þd,7866448,1978312875
62,,þd,7866448,1978312875
63,,þd,7866448,1978312875
64,,þd,7866448,1978312875
65,,þd,7866448,1978312875
66,,þd,7866448,1978312875
67,,þd,7866448,1978312875
68,,þd,7866448,1978312875
69,,þd,7866448,1978312875
70,,þd,7866448,1978312875
71,,þd,7866448,1978312875
72,,þd,7866448,1978312875
73,,þd,7866448,1978312875
74,,þd,7866448,1978312875
75,,þd,7866448,1978312875
76,,þd,7866448,1978312875
77,,þd,7866448,1978312875
78,,þd,7866448,1978312875
79,,þd,7866448,1978312875
80,,þd,7866448,1978312875
81,,þd,7866448,1978312875
82,,þd,7866448,1978312875
83,,þd,7866448,1978312875
84,,þd,7866448,1978312875
85,,þd,7866448,1978312875
86,,þd,7866448,1978312875
87,,þd,7866448,1978312875
88,,þd,7866448,1978312875
89,,þd,7866448,1978312875
90,,þd,7866448,1978312875
91,,þd,7866448,1978312875
92,,þd,7866448,1978312875
93,,þd,7866448,1978312875
94,,þd,7866448,1978312875
95,,þd,7866448,1978312875
96,,þd,7866448,1978312875
97,,þd,7866448,1978312875
98,,þd,7866448,1978312875
99,,þd,7866448,1978312875
100,,þd,7866448,1978312875
101,,þd,7866448,1978312875
102,,þd,7866448,1978312875
103,,þd,7866448,1978312875
104,,þd,7866448,1978312875
105,,þd,7866448,1978312875
106,,þd,7866448,1978312875
107,,þd,7866448,1978312875
108,,þd,7866448,1978312875
109,,þd,7866448,1978312875
110,,þd,7866448,1978312875
111,,þd,7866448,1978312875
112,,þd,7866448,1978312875
113,,þd,7866448,1978312875
114,,þd,7866448,1978312875
115,,þd,7866448,1978312875
116,,þd,7866448,1978312875
117,,þd,7866448,1978312875
118,,þd,7866448,1978312875
119,,þd,7866448,1978312875
120,,þd,7866448,1978312875
121,,þd,7866448,1978312875
122,,þd,7866448,1978312875
123,,þd,7866448,1978312875
124,,þd,7866448,1978312875
125,,þd,7866448,1978312875
126,,þd,7866448,1978312875
127,,þd,7866448,1978312875
128,,þd,7866448,1978312875
129,,þd,7866448,1978312875
130,,þd,7866448,1978312875
131,,þd,7866448,1978312875
132,,þd,7866448,1978312875
133,,þd,7866448,1978312875
134,,þd,7866448,1978312875
135,,þd,7866448,1978312875
136,,þd,7866448,1978312875
137,,þd,7866448,1978312875
138,,þd,7866448,1978312875
139,,þd,7866448,1978312875
140,,þd,7866448,1978312875
141,,þd,7866448,1978312875
142,,þd,7866448,1978312875
143,,þd,7866448,1978312875
144,,þd,7866448,1978312875
145,,þd,7866448,1978312875
146,,þd,7866448,1978312875
147,,þd,7866448,1978312875
148,,þd,7866448,1978312875
149,,þd,7866448,1978312875
150,,þd,7866448,1978312875
151,,þd,7866448,1978312875
152,,þd,7866448,1978312875
153,,þd,7866448,1978312875
154,,þd,7866448,1978312875
155,,þd,7866448,1978312875
156,,þd,7866448,1978312875
157,,þd,7866448,1978312875
158,,þd,7866448,1978312875
159,,þd,7866448,1978312875
160,,þd,7866448,1978312875
161,,þd,7866448,1978312875
162,,þd,7866448,1978312875
163,,þd,7866448,1978312875
164,,þd,7866448,1978312875
165,,þd,7866448,1978312875
166,,þd,7866448,1978312875
167,,þd,7866448,1978312875
168,,þd,7866448,1978312875
169,,þd,7866448,1978312875
170,,þd,7866448,1978312875
171,,þd,7866448,1978312875
172,,þd,7866448,1978312875
173,,þd,7866448,1978312875
174,,þd,7866448,1978312875
175,,þd,7866448,1978312875
176,,þd,7866448,1978312875
177,,þd,7866448,1978312875
178,,þd,7866448,1978312875
179,,þd,7866448,1978312875
180,,þd,7866448,1978312875
181,,þd,7866448,1978312875
182,,þd,7866448,1978312875
183,,þd,7866448,1978312875
184,,þd,7866448,1978312875
185,,þd,7866448,1978312875
186,,þd,7866448,1978312875
187,,þd,7866448,1978312875
188,,þd,7866448,1978312875
189,,þd,7866448,1978312875
190,,þd,7866448,1978312875
191,,þd,7866448,1978312875
192,,þd,7866448,1978312875
193,,þd,7866448,1978312875
194,,þd,7866448,1978312875
195,,þd,7866448,1978312875
196,,þd,7866448,1978312875
197,,þd,7866448,1978312875
198,,þd,7866448,1978312875
199,,þd,7866448,1978312875
200,,þd,7866448,1978312875
201,,þd,7866448,1978312875
202,,þd,7866448,1978312875
203,,þd,7866448,1978312875
204,,þd,7866448,1978312875
205,,þd,7866448,1978312875
206,,þd,7866448,1978312875
207,,þd,7866448,1978312875
208,,þd,7866448,1978312875
209,,þd,7866448,1978312875
210,,þd,7866448,1978312875
211,,þd,7866448,1978312875
212,,þd,7866448,1978312875
213,,þd,7866448,1978312875
214,,þd,7866448,1978312875
215,,þd,7866448,1978312875
216,,þd,7866448,1978312875
217,,þd,7866448,1978312875
218,,þd,7866448,1978312875
219,,þd,7866448,1978312875
220,,þd,7866448,1978312875
221,,þd,7866448,1978312875
222,,þd,7866448,1978312875
223,,þd,7866448,1978312875
224,,þd,7866448,1978312875
225,,þd,7866448,1978312875
226,,þd,7866448,1978312875
227,,þd,7866448,1978312875
228,,þd,7866448,1978312875
229,,þd,7866448,1978312875
230,,þd,7866448,1978312875
231,,þd,7866448,1978312875
232,,þd,7866448,1978312875
233,,þd,7866448,1978312875
234,,þd,7866448,1978312875
235,,þd,7866448,1978312875
236,,þd,7866448,1978312875
237,,þd,7866448,1978312875
238,,þd,7866448,1978312875
239,,þd,7866448,1978312875
240,,þd,7866448,1978312875
241,,þd,7866448,1978312875
242,,þd,7866448,1978312875
243,,þd,7866448,1978312875
244,,þd,7866448,1978312875
245,,þd,7866448,1978312875
246,,þd,7866448,1978312875
247,,þd,7866448,1978312875
248,,þd,7866448,1978312875
249,,þd,7866448,1978312875
250,,þd,7866448,1978312875
251,,þd,7866448,1978312875
252,,þd,7866448,1978312875
253,,þd,7866448,1978312875
254,,þd,7866448,1978312875
255,,þd,7866448,1978312875
256,,þd,7866448,1978312875
257,,þd,7866448,1978312875
258,,þd,7866448,1978312875
259,,þd,7866448,1978312875
260,,þd,7866448,1978312875
261,,þd,7866448,1978312875
262,,þd,7866448,1978312875
263,,þd,7866448,1978312875
264,,þd,7866448,1978312875
265,,þd,7866448,1978312875
266,,þd,7866448,1978312875
267,,þd,7866448,1978312875
268,,þd,7866448,1978312875
269,,þd,7866448,1978312875
270,,þd,7866448,1978312875
271,,þd,7866448,1978312875
272,,þd,7866448,1978312875
273,,þd,7866448,1978312875
274,,þd,7866448,1978312875
275,,þd,7866448,1978312875
276,,þd,7866448,1978312875
277,,þd,7866448,1978312875
278,,þd,7866448,1978312875
279,,þd,7866448,1978312875
280,,þd,7866448,1978312875
281,,þd,7866448,1978312875
282,,þd,7866448,1978312875
283,,þd,7866448,1978312875
284,,þd,7866448,1978312875
285,,þd,7866448,1978312875
286,,þd,7866448,1978312875
287,,þd,7866448,1978312875
288,,þd,7866448,1978312875
289,,þd,7866448,1978312875
290,,þd,7866448,1978312875
291,,þd,7866448,1978312875
292,,þd,7866448,1978312875
293,,þd,7866448,1978312875
294,,þd,7866448,1978312875
295,,þd,7866448,1978312875
296,,þd,7866448,1978312875
297,,þd,7866448,1978312875
298,,þd,7866448,1978312875
299,,þd,7866448,1978312875
300,,þd,7866448,1978312875
301,,þd,7866448,1978312875
302,,þd,7866448,1978312875
303,,þd,7866448,1978312875
304,,þd,7866448,1978312875
305,,þd,7866448,1978312875
306,,þd,7866448,1978312875
307,,þd,7866448,1978312875
308,,þd,7866448,1978312875
309,,þd,7866448,1978312875
310,,þd,7866448,1978312875
311,,þd,7866448,1978312875
312,,þd,7866448,1978312875
313,,þd,7866448,1978312875
314,,þd,7866448,1978312875
315,,þd,7866448,1978312875
316,,þd,7866448,1978312875
317,,þd,7866448,1978312875
318,,þd,7866448,1978312875
319,,þd,7866448,1978312875
320,,þd,7866448,1978312875
321,,þd,7866448,1978312875
322,,þd,7866448,1978312875
323,,þd,7866448,1978312875
324,,þd,7866448,1978312875
325,,þd,7866448,1978312875
326,,þd,7866448,1978312875
327,,þd,7866448,1978312875
328,,þd,7866448,1978312875
329,,þd,7866448,1978312875
330,,þd,7866448,1978312875
331,,þd,7866448,1978312875
332,,þd,7866448,1978312875
333,,þd,7866448,1978312875
334,,þd,7866448,1978312875
335,,þd,7866448,1978312875
336,,þd,7866448,1978312875
337,,þd,7866448,1978312875
338,,þd,7866448,1978312875
339,,þd,7866448,1978312875
340,,þd,7866448,1978312875
341,,þd,7866448,1978312875
342,,þd,7866448,1978312875
343,,þd,7866448,1978312875
344,,þd,7866448,1978312875
345,,þd,7866448,1978312875
346,,þd,7866448,1978312875
347,,þd,7866448,1978312875
348,,þd,7866448,1978312875
349,,þd,7866448,1978312875
350,,þd,7866448,1978312875
351,,þd,7866448,1978312875
352,,þd,7866448,1978312875
353,,þd,7866448,1978312875
354,,þd,7866448,1978312875
355,,þd,7866448,1978312875
356,,þd,7866448,1978312875
357,,þd,7866448,1978312875
358,,þd,7866448,1978312875
359,,þd,7866448,1978312875
360,,þd,7866448,1978312875
361,,þd,7866448,1978312875
362,,þd,7866448,1978312875
363,,þd,7866448,1978312875
364,,þd,7866448,1978312875
365,,þd,7866448,1978312875
366,,þd,7866448,1978312875
367,,þd,7866448,1978312875
368,,þd,7866448,1978312875
369,,þd,7866448,1978312875
370,,þd,7866448,1978312875
371,,þd,7866448,1978312875
372,,þd,7866448,1978312875
373,,þd,7866448,1978312875
374,,þd,7866448,1978312875
375,,þd,7866448,1978312875
376,,þd,7866448,1978312875
377,,þd,7866448,1978312875
378,,þd,7866448,1978312875
379,,þd,7866448,1978312875
380,,þd,7866448,1978312875
381,,þd,7866448,1978312875
382,,þd,7866448,1978312875
383,,þd,7866448,1978312875
384,,þd,7866448,1978312875
385,,þd,7866448,1978312875
386,,þd,7866448,1978312875
387,,þd,7866448,1978312875
388,,þd,7866448,1978312875
389,,þd,7866448,1978312875
390,,þd,7866448,1978312875
391,,þd,7866448,1978312875
392,,þd,7866448,1978312875
393,,þd,7866448,1978312875
394,,þd,7866448,1978312875
395,,þd,7866448,1978312875
396,,þd,7866448,1978312875
397,,þd,7866448,1978312875
398,,þd,7866448,1978312875
399,,þd,7866448,1978312875
400,,þd,7866448,1978312875
401,,þd,7866448,1978312875
402,,þd,7866448,1978312875
403,,þd,7866448,1978312875
404,,þd,7866448,1978312875
405,,þd,7866448,1978312875
406,,þd,7866448,1978312875
407,,þd,7866448,1978312875
408,,þd,7866448,1978312875
409,,þd,7866448,1978312875
410,,þd,7866448,1978312875
411,,þd,7866448,1978312875
412,,þd,7866448,1978312875
413,,þd,7866448,1978312875
414,,þd,7866448,1978312875
415,,þd,7866448,1978312875
416,,þd,7866448,1978312875
417,,þd,7866448,1978312875
418,,þd,7866448,1978312875
419,,þd,7866448,1978312875
420,,þd,7866448,1978312875
421,,þd,7866448,1978312875
422,,þd,7866448,1978312875
423,,þd,7866448,1978312875
424,,þd,7866448,1978312875
425,,þd,7866448,1978312875
426,,þd,7866448,1978312875
427,,þd,7866448,1978312875
428,,þd,7866448,1978312875
429,,þd,7866448,1978312875
430,,þd,7866448,1978312875
431,,þd,7866448,1978312875
432,,þd,7866448,1978312875
433,,þd,7866448,1978312875
434,,þd,7866448,1978312875
435,,þd,7866448,1978312875
436,,þd,7866448,1978312875
437,,þd,7866448,1978312875
438,,þd,7866448,1978312875
439,,þd,7866448,1978312875
440,,þd,7866448,1978312875
441,,þd,7866448,1978312875
442,,þd,7866448,1978312875
443,,þd,7866448,1978312875
444,,þd,7866448,1978312875
445,,þd,7866448,1978312875
446,,þd,7866448,1978312875
447,,þd,7866448,1978312875
448,,þd,7866448,1978312875
449,,þd,7866448,1978312875
450,,þd,7866448,1978312875
451,,þd,7866448,1978312875
452,,þd,7866448,1978312875
453,,þd,7866448,1978312875
454,,þd,7866448,1978312875
455,,þd,7866448,1978312875
456,,þd,7866448,1978312875
457,,þd,7866448,1978312875
458,,þd,7866448,1978312875
459,,þd,7866448,1978312875
460,,þd,7866448,1978312875
461,,þd,7866448,1978312875
462,,þd,7866448,1978312875
463,,þd,7866448,1978312875
464,,þd,7866448,1978312875
465,,þd,7866448,1978312875
466,,þd,7866448,1978312875
467,,þd,7866448,1978312875
468,,þd,7866448,1978312875
469,,þd,7866448,1978312875
470,,þd,7866448,1978312875
471,,þd,7866448,1978312875
472,,þd,7866448,1978312875
473,,þd,7866448,1978312875
474,,þd,7866448,1978312875
475,,þd,7866448,1978312875
476,,þd,7866448,1978312875
477,,þd,7866448,1978312875
478,,þd,7866448,1978312875
479,,þd,7866448,1978312875
480,,þd,7866448,1978312875
481,,þd,7866448,1978312875
482,,þd,7866448,1978312875
483,,þd,7866448,1978312875
484,,þd,7866448,1978312875
485,,þd,7866448,1978312875
486,,þd,7866448,1978312875
487,,þd,7866448,1978312875
488,,þd,7866448,1978312875
489,,þd,7866448,1978312875
490,,þd,7866448,1978312875
491,,þd,7866448,1978312875
492,,þd,7866448,1978312875
493,,þd,7866448,1978312875
494,,þd,7866448,1978312875
495,,þd,7866448,1978312875
496,,þd,7866448,1978312875
497,,þd,7866448,1978312875
498,,þd,7866448,1978312875
499,,þd,7866448,1978312875
500,,þd,7866448,1978312875
501,,þd,7866448,1978312875
502,,þd,7866448,1978312875
503,,þd,7866448,1978312875
504,,þd,7866448,1978312875
505,,þd,7866448,1978312875
506,,þd,7866448,1978312875
507,,þd,7866448,1978312875
508,,þd,7866448,1978312875
509,,þd,7866448,1978312875
510,,þd,7866448,1978312875
511,,þd,7866448,1978312875
512,,þd,7866448,1978312875
513,,þd,7866448,1978312875
514,,þd,7866448,1978312875
515,,þd,7866448,1978312875
516,,þd,7866448,1978312875
517,,þd,7866448,1978312875
518,,þd,7866448,1978312875
519,,þd,7866448,1978312875
520,,þd,7866448,1978312875
521,,þd,7866448,1978312875
522,,þd,7866448,1978312875
523,,þd,7866448,1978312875
524,,þd,7866448,1978312875
525,,þd,7866448,1978312875
526,,þd,7866448,1978312875
527,,þd,7866448,1978312875
528,,þd,7866448,1978312875
529,,þd,7866448,1978312875
530,,þd,7866448,1978312875
531,,þd,7866448,1978312875
532,,þd,7866448,1978312875
533,,þd,7866448,1978312875
534,,þd,7866448,1978312875
535,,þd,7866448,1978312875
536,,þd,7866448,1978312875
537,,þd,7866448,1978312875
538,,þd,7866448,1978312875
539,,þd,7866448,1978312875
540,,þd,7866448,1978312875
541,,þd,7866448,1978312875
542,,þd,7866448,1978312875
543,,þd,7866448,1978312875
544,,þd,7866448,1978312875
545,,þd,7866448,1978312875
546,,þd,7866448,1978312875
547,,þd,7866448,1978312875
548,,þd,7866448,1978312875
549,,þd,7866448,1978312875
550,,þd,7866448,1978312875
551,,þd,7866448,1978312875
552,,þd,7866448,1978312875
553,,þd,7866448,1978312875
554,,þd,7866448,1978312875
555,,þd,7866448,1978312875
556,,þd,7866448,1978312875
557,,þd,7866448,1978312875
558,,þd,7866448,1978312875
559,,þd,7866448,1978312875
560,,þd,7866448,1978312875
561,,þd,7866448,1978312875
562,,þd,7866448,1978312875
563,,þd,7866448,1978312875
564,,þd,7866448,1978312875
565,,þd,7866448,1978312875
566,,þd,7866448,1978312875
567,,þd,7866448,1978312875
568,,þd,7866448,1978312875
569,,þd,7866448,1978312875
570,,þd,7866448,1978312875
571,,þd,7866448,1978312875
572,,þd,7866448,1978312875
573,,þd,7866448,1978312875
574,,þd,7866448,1978312875
575,,þd,7866448,1978312875
576,,þd,7866448,1978312875
577,,þd,7866448,1978312875
578,,þd,7866448,1978312875
579,,þd,7866448,1978312875
580,,þd,7866448,1978312875
581,,þd,7866448,1978312875
582,,þd,7866448,1978312875
583,,þd,7866448,1978312875
584,,þd,7866448,1978312875
585,,þd,7866448,1978312875
586,,þd,7866448,1978312875
587,,þd,7866448,1978312875
588,,þd,7866448,1978312875
589,,þd,7866448,1978312875
590,,þd,7866448,1978312875
591,,þd,7866448,1978312875
592,,þd,7866448,1978312875
593,,þd,7866448,1978312875
594,,þd,7866448,1978312875
595,,þd,7866448,1978312875
596,,þd,7866448,1978312875
597,,þd,7866448,1978312875
598,,þd,7866448,1978312875
599,,þd,7866448,1978312875
600,,þd,7866448,1978312875
601,,þd,7866448,1978312875
602,,þd,7866448,1978312875
603,,þd,7866448,1978312875
604,,þd,7866448,1978312875
605,,þd,7866448,1978312875
606,,þd,7866448,1978312875
607,,þd,7866448,1978312875
608,,þd,7866448,1978312875
609,,þd,7866448,1978312875
610,,þd,7866448,1978312875
611,,þd,7866448,1978312875
612,,þd,7866448,1978312875
613,,þd,7866448,1978312875
614,,þd,7866448,1978312875
615,,þd,7866448,1978312875
616,,þd,7866448,1978312875
617,,þd,7866448,1978312875
618,,þd,7866448,1978312875
619,,þd,7866448,1978312875
620,,þd,7866448,1978312875
621,,þd,7866448,1978312875
622,,þd,7866448,1978312875
623,,þd,7866448,1978312875
624,,þd,7866448,1978312875
625,,þd,7866448,1978312875
626,,þd,7866448,1978312875
627,,þd,7866448,1978312875
628,,þd,7866448,1978312875
629,,þd,7866448,1978312875
630,,þd,7866448,1978312875
631,,þd,7866448,1978312875
632,,þd,7866448,1978312875
633,,þd,7866448,1978312875
634,,þd,7866448,1978312875
635,,þd,7866448,1978312875
636,,þd,7866448,1978312875
637,,þd,7866448,1978312875
638,,þd,7866448,1978312875
639,,þd,7866448,1978312875
640,,þd,7866448,1978312875
641,,þd,7866448,1978312875
642,,þd,7866448,1978312875
643,,þd,7866448,1978312875
644,,þd,7866448,1978312875
645,,þd,7866448,1978312875
646,,þd,7866448,1978312875
647,,þd,7866448,1978312875
648,,þd,7866448,1978312875
649,,þd,7866448,1978312875
650,,þd,7866448,1978312875
651,,þd,7866448,1978312875
652,,þd,7866448,1978312875
653,,þd,7866448,1978312875
654,,þd,7866448,1978312875
655,,þd,7866448,1978312875
656,,þd,7866448,1978312875
657,,þd,7866448,1978312875
658,,þd,7866448,1978312875
659,,þd,7866448,1978312875
660,,þd,7866448,1978312875
661,,þd,7866448,1978312875
662,,þd,7866448,1978312875
663,,þd,7866448,1978312875
664,,þd,7866448,1978312875
665,,þd,7866448,1978312875
666,,þd,7866448,1978312875
667,,þd,7866448,1978312875
668,,þd,7866448,1978312875
669,,þd,7866448,1978312875
670,,þd,7866448,1978312875
671,,þd,7866448,1978312875
672,,þd,7866448,1978312875
673,,þd,7866448,1978312875
674,,þd,7866448,1978312875
675,,þd,7866448,1978312875
676,,þd,7866448,1978312875
677,,þd,7866448,1978312875
678,,þd,7866448,1978312875
679,,þd,7866448,1978312875
680,,þd,7866448,1978312875
681,,þd,7866448,1978312875
682,,þd,7866448,1978312875
683,,þd,7866448,1978312875
684,,þd,7866448,1978312875
685,,þd,7866448,1978312875
686,,þd,7866448,1978312875
687,,þd,7866448,1978312875
688,,þd,7866448,1978312875
689,,þd,7866448,1978312875
690,,þd,7866448,1978312875
691,,þd,7866448,1978312875
692,,þd,7866448,1978312875
693,,þd,7866448,1978312875
694,,þd,7866448,1978312875
695,,þd,7866448,1978312875
696,,þd,7866448,1978312875
697,,þd,7866448,1978312875
698,,þd,7866448,1978312875
699,,þd,7866448,1978312875
700,,þd,7866448,1978312875
701,,þd,7866448,1978312875
702,,þd,7866448,1978312875
703,,þd,7866448,1978312875
704,,þd,7866448,1978312875
705,,þd,7866448,1978312875
706,,þd,7866448,1978312875
707,,þd,7866448,1978312875
708,,þd,7866448,1978312875
709,,þd,7866448,1978312875
710,,þd,7866448,1978312875
711,,þd,7866448,1978312875
712,,þd,7866448,1978312875
713,,þd,7866448,1978312875
714,,þd,7866448,1978312875
715,,þd,7866448,1978312875
716,,þd,7866448,1978312875
717,,þd,7866448,1978312875
718,,þd,7866448,1978312875
719,,þd,7866448,1978312875
720,,þd,7866448,1978312875
721,,þd,7866448,1978312875
722,,þd,7866448,1978312875
723,,þd,7866448,1978312875
724,,þd,7866448,1978312875
725,,þd,7866448,1978312875
726,,þd,7866448,1978312875
727,,þd,7866448,1978312875
728,,þd,7866448,1978312875
729,,þd,7866448,1978312875
730,,þd,7866448,1978312875
731,,þd,7866448,1978312875
732,,þd,7866448,1978312875
733,,þd,7866448,1978312875
734,,þd,7866448,1978312875
735,,þd,7866448,1978312875
736,,þd,7866448,1978312875
737,,þd,7866448,1978312875
738,,þd,7866448,1978312875
739,,þd,7866448,1978312875
740,,þd,7866448,1978312875
741,,þd,7866448,1978312875
742,,þd,7866448,1978312875
743,,þd,7866448,1978312875
744,,þd,7866448,1978312875
745,,þd,7866448,1978312875
746,,þd,7866448,1978312875
747,,þd,7866448,1978312875
748,,þd,7866448,1978312875
749,,þd,7866448,1978312875
750,,þd,7866448,1978312875
751,,þd,7866448,1978312875
752,,þd,7866448,1978312875
753,,þd,7866448,1978312875
754,,þd,7866448,1978312875
755,,þd,7866448,1978312875
756,,þd,7866448,1978312875
757,,þd,7866448,1978312875
758,,þd,7866448,1978312875
759,,þd,7866448,1978312875
760,,þd,7866448,1978312875
761,,þd,7866448,1978312875
762,,þd,7866448,1978312875
763,,þd,7866448,1978312875
764,,þd,7866448,1978312875
765,,þd,7866448,1978312875
766,,þd,7866448,1978312875
767,,þd,7866448,1978312875
768,,þd,7866448,1978312875
769,,þd,7866448,1978312875
770,,þd,7866448,1978312875
771,,þd,7866448,1978312875
772,,þd,7866448,1978312875
773,,þd,7866448,1978312875
774,,þd,7866448,1978312875
775,,þd,7866448,1978312875
776,,þd,7866448,1978312875
777,,þd,7866448,1978312875
778,,þd,7866448,1978312875
779,,þd,7866448,1978312875
780,,þd,7866448,1978312875
781,,þd,7866448,1978312875
782,,þd,7866448,1978312875
783,,þd,7866448,1978312875
784,,þd,7866448,1978312875
785,,þd,7866448,1978312875
786,,þd,7866448,1978312875
787,,þd,7866448,1978312875
788,,þd,7866448,1978312875
789,,þd,7866448,1978312875
790,,þd,7866448,1978312875
791,,þd,7866448,1978312875
792,,þd,7866448,1978312875
793,,þd,7866448,1978312875
794,,þd,7866448,1978312875
795,,þd,7866448,1978312875
796,,þd,7866448,1978312875
797,,þd,7866448,1978312875
798,,þd,7866448,1978312875
799,,þd,7866448,1978312875
800,,þd,7866448,1978312875
801,,þd,7866448,1978312875
802,,þd,7866448,1978312875
803,,þd,7866448,1978312875
804,,þd,7866448,1978312875
805,,þd,7866448,1978312875
806,,þd,7866448,1978312875
807,,þd,7866448,1978312875
808,,þd,7866448,1978312875
809,,þd,7866448,1978312875
810,,þd,7866448,1978312875
811,,þd,7866448,1978312875
812,,þd,7866448,1978312875
813,,þd,7866448,1978312875
814,,þd,7866448,1978312875
815,,þd,7866448,1978312875
816,,þd,7866448,1978312875
817,,þd,7866448,1978312875
818,,þd,7866448,1978312875
819,,þd,7866448,1978312875
820,,þd,7866448,1978312875
821,,þd,7866448,1978312875
822,,þd,7866448,1978312875
823,,þd,7866448,1978312875
824,,þd,7866448,1978312875
825,,þd,7866448,1978312875
826,,þd,7866448,1978312875
827,,þd,7866448,1978312875
828,,þd,7866448,1978312875
829,,þd,7866448,1978312875
830,,þd,7866448,1978312875
831,,þd,7866448,1978312875
832,,þd,7866448,1978312875
833,,þd,7866448,1978312875
834,,þd,7866448,1978312875
835,,þd,7866448,1978312875
836,,þd,7866448,1978312875
837,,þd,7866448,1978312875
838,,þd,7866448,1978312875
839,,þd,7866448,1978312875
840,,þd,7866448,1978312875
841,,þd,7866448,1978312875
842,,þd,7866448,1978312875
843,,þd,7866448,1978312875
844,,þd,7866448,1978312875
845,,þd,7866448,1978312875
846,,þd,7866448,1978312875
847,,þd,7866448,1978312875
848,,þd,7866448,1978312875
849,,þd,7866448,1978312875
850,,þd,7866448,1978312875
851,,þd,7866448,1978312875
852,,þd,7866448,1978312875
853,,þd,7866448,1978312875
854,,þd,7866448,1978312875
855,,þd,7866448,1978312875
856,,þd,7866448,1978312875
857,,þd,7866448,1978312875
858,,þd,7866448,1978312875
859,,þd,7866448,1978312875
860,,þd,7866448,1978312875
861,,þd,7866448,1978312875
862,,þd,7866448,1978312875
863,,þd,7866448,1978312875
864,,þd,7866448,1978312875
865,,þd,7866448,1978312875
866,,þd,7866448,1978312875
867,,þd,7866448,1978312875
868,,þd,7866448,1978312875
869,,þd,7866448,1978312875
870,,þd,7866448,1978312875
871,,þd,7866448,1978312875
872,,þd,7866448,1978312875
873,,þd,7866448,1978312875
874,,þd,7866448,1978312875
875,,þd,7866448,1978312875
876,,þd,7866448,1978312875
877,,þd,7866448,1978312875
878,,þd,7866448,1978312875
879,,þd,7866448,1978312875
880,,þd,7866448,1978312875
881,,þd,7866448,1978312875
882,,þd,7866448,1978312875
883,,þd,7866448,1978312875
884,,þd,7866448,1978312875
885,,þd,7866448,1978312875
886,,þd,7866448,1978312875
887,,þd,7866448,1978312875
888,,þd,7866448,1978312875
889,,þd,7866448,1978312875
890,,þd,7866448,1978312875
891,,þd,7866448,1978312875
892,,þd,7866448,1978312875
893,,þd,7866448,1978312875
894,,þd,7866448,1978312875
895,,þd,7866448,1978312875
896,,þd,7866448,1978312875
897,,þd,7866448,1978312875
898,,þd,7866448,1978312875
899,,þd,7866448,1978312875
900,,þd,7866448,1978312875
901,,þd,7866448,1978312875
902,,þd,7866448,1978312875
903,,þd,7866448,1978312875
904,,þd,7866448,1978312875
905,,þd,7866448,1978312875
906,,þd,7866448,1978312875
907,,þd,7866448,1978312875
908,,þd,7866448,1978312875
909,,þd,7866448,1978312875
910,,þd,7866448,1978312875
911,,þd,7866448,1978312875
912,,þd,7866448,1978312875
913,,þd,7866448,1978312875
914,,þd,7866448,1978312875
915,,þd,7866448,1978312875
916,,þd,7866448,1978312875
917,,þd,7866448,1978312875
918,,þd,7866448,1978312875
919,,þd,7866448,1978312875
920,,þd,7866448,1978312875
921,,þd,7866448,1978312875
922,,þd,7866448,1978312875
923,,þd,7866448,1978312875
924,,þd,7866448,1978312875
925,,þd,7866448,1978312875
926,,þd,7866448,1978312875
927,,þd,7866448,1978312875
928,,þd,7866448,1978312875
929,,þd,7866448,1978312875
930,,þd,7866448,1978312875
931,,þd,7866448,1978312875
932,,þd,7866448,1978312875
933,,þd,7866448,1978312875
934,,þd,7866448,1978312875
935,,þd,7866448,1978312875
936,,þd,7866448,1978312875
937,,þd,7866448,1978312875
938,,þd,7866448,1978312875
939,,þd,7866448,1978312875
940,,þd,7866448,1978312875
941,,þd,7866448,1978312875
942,,þd,7866448,1978312875
943,,þd,7866448,1978312875
944,,þd,7866448,1978312875
945,,þd,7866448,1978312875
946,,þd,7866448,1978312875
947,,þd,7866448,1978312875
948,,þd,7866448,1978312875
949,,þd,7866448,1978312875
950,,þd,7866448,1978312875
951,,þd,7866448,1978312875
952,,þd,7866448,1978312875
953,,þd,7866448,1978312875
954,,þd,7866448,1978312875
955,,þd,7866448,1978312875
956,,þd,7866448,1978312875
957,,þd,7866448,1978312875
958,,þd,7866448,1978312875
959,,þd,7866448,1978312875
960,,þd,7866448,1978312875
961,,þd,7866448,1978312875
962,,þd,7866448,1978312875
963,,þd,7866448,1978312875
964,,þd,7866448,1978312875
965,,þd,7866448,1978312875
966,,þd,7866448,1978312875
967,,þd,7866448,1978312875
968,,þd,7866448,1978312875
969,,þd,7866448,1978312875
970,,þd,7866448,1978312875
971,,þd,7866448,1978312875
972,,þd,7866448,1978312875
973,,þd,7866448,1978312875
974,,þd,7866448,1978312875
975,,þd,7866448,1978312875
976,,þd,7866448,1978312875
977,,þd,7866448,1978312875
978,,þd,7866448,1978312875
979,,þd,7866448,1978312875
980,,þd,7866448,1978312875
981,,þd,7866448,1978312875
982,,þd,7866448,1978312875
983,,þd,7866448,1978312875
984,,þd,7866448,1978312875
985,,þd,7866448,1978312875
986,,þd,7866448,1978312875
987,,þd,7866448,1978312875
988,,þd,7866448,1978312875
989,,þd,7866448,1978312875
990,,þd,7866448,1978312875
991,,þd,7866448,1978312875
992,,þd,7866448,1978312875
993,,þd,7866448,1978312875
994,,þd,7866448,1978312875
995,,þd,7866448,1978312875
996,,þd,7866448,1978312875
997,,þd,7866448,1978312875
998,,þd,7866448,1978312875
999,,þd,7866448,1978312875
1000,,þd,7866448,1978312875
